-1.2118577822140681
0.35555106886108645
-0.7067995556368987
-2.3609789993339962
-1.295828797807024
-1.1906664081975187
-5.368195811861673
-3.8051992285590983
6.773095135830784
0.5516659143092971
1.4572732897678657
-0.34910540308722576
-2.381073057035669
-1.6479901347212431
3.781011236379453
-1.3100551220316508
0.14528464098412197
0.9568733267629042
3.0685900451634707
1.64967132930658
-1.24088366855139
-0.8040522716153553
4.173807325255376
0.2819269332004317
1.0329186955904652
2.997573611431525
-0.1465970826236929
1.3875239048903891
-1.0095035283298006
3.133647251386335
-0.17892291821361173
0.007745518939751762
5.215420113035244
1.605763636884442
-1.4516609753326706
1.7437029421916375
-1.257134029382378
1.640875108177641
-3.2737173452625385
0.5989433302108645
1.4316768064973187
-1.0174106931334974
0.43608637196937816
-2.8071317992742926
1.1209585172850243
-1.6036882204917773
1.4549765525399678
-1.7520020369001925
1.26569401366855
0.5556775352358484
2.815307421631176
2.9751720303405156
-1.724590418644935
-0.4316830600913072
2.582005985117433
-0.17677232540925958
4.0294224569501615
3.5046577358950577
0.38654103200876855
3.902085966754063
-1.0995198746024235
-2.8033613159549953
0.17120619677408028
-1.1886408762018656
0.8233891064371485
1.3007853713270732
-0.5625403907368715
3.1028854524701908
-1.0232365912083952
-0.44641785688536695
-0.8159392233645525
0.6703179423987651
2.8093198223596065
