-0.10232889131117251
-0.07033506611111362
0.3514165494483352
0.3897492940934072
0.48672511849878863
-0.47925498860087534
-0.06654325137999251
0.2562216693198127
0.016680707952805185
-0.09171628595801884
-0.17622512145825686
-0.016150743529320777
-0.3411395891947272
-0.09171628595801884
-0.17622512145825686
-0.016150743529320777
-0.3411395891947272
-0.09171628595801884
-0.17622512145825686
-0.016150743529320777
-0.3411395891947272
-0.09171628595801884
-0.17622512145825686
-0.016150743529320777
-0.3411395891947272
-0.09171628595801884
-0.17622512145825686
-0.016150743529320777
-0.3411395891947272
-0.09171628595801884
-0.17622512145825686
-0.016150743529320777
-0.3411395891947272
-0.09171628595801884
-0.17622512145825686
-0.016150743529320777
-0.3411395891947272
-0.09171628595801884
-0.17622512145825686
-0.016150743529320777
-0.3411395891947272
-0.09171628595801884
-0.17622512145825686
-0.016150743529320777
-0.3411395891947272
-0.09171628595801884
-0.17622512145825686
-0.016150743529320777
-0.3411395891947272
-0.09171628595801884
-0.17622512145825686
-0.016150743529320777
-0.3411395891947272
-0.09171628595801884
-0.17622512145825686
-0.016150743529320777
-0.3411395891947272
-0.09171628595801884
-0.17622512145825686
-0.016150743529320777
-0.3411395891947272
-0.09171628595801884
-0.17622512145825686
-0.016150743529320777
-0.3411395891947272
-0.09171628595801884
-0.17622512145825686
-0.016150743529320777
-0.3411395891947272
-0.09171628595801884
-0.17622512145825686
-0.016150743529320777
-0.3411395891947272
